5.574807421423382259e-01 2.072786616587181385e-01
2.072786616587181385e-01 1.007023631274657355e-01
