2.095460254158914432e-02 1.408357963880621858e-02
1.408357963880621858e-02 6.371614452411826779e-01
