5.071682962227612723e-01 2.518839679217250715e-01
2.518839679217250715e-01 1.511877789643003567e-01
