1.133925619699167331e-01 -2.204818220782205351e-01
-2.204818220782205351e-01 5.447338727481025877e-01
